0000000000000000000000000000000000000000000000000
0000000000000000000000000000000000000000000000000
0000000000000000000000000000000000000000000000000
0000000000000000000000000008888880400000000000000
0000000000000000000000000088877804400000000000000
0000000000000000000000008888877844000000000000000
0000000000000000000000088888888840000000000000000
0000000000000000000008888888888800000000000000000
0000000000000000000088888888880000000000000000000
0000000000000000000888888888000000000000000000000
0000000000000000008888888000000000000000000000000
0000000000000000088888800000000000000000000000000
0000000000000000008880000000000000000000000000000
0000000000000000000000000000000000000000000000000
0000000000000000000000000000000000000000000000000
0000000000000000000000000000000000000000000000000
0000000000000000000000000000000000000000000000000
0000000000000000000000000000000000000000000000000
