0000000000000000000000000000000000000000000000000
0000000000000000000000000000000000000000000000000
0000000000000000000000000000000000000000000000000
0000000000000000000000000008888880400000000000000
0000000000000000088808080088877804400000000000000
0000000000000000088888888888877844000000000000000
0000000000000000008888888888888840000000000000000
0000000000000000000888888888888800000000000000000
0000000000000000000088888888888800000000000000000
0000000000000000000888888888888888000000000000000
0000000000000000008888888888888888880000000000000
0000000000000000088888800008888888880000000000000
0000000000000000008880000000000000000000000000000
0000000000000000000000000000000000000000000000000
0000000000000000000000000000000000000000000000000
0000000000000000000000000000000000000000000000000
0000000000000000000000000000000000000000000000000
0000000000000000000000000000000000000000000000000
